Epoch: 0 Training Acc: [0.18375 0.27875 0.3975  0.41    0.41125 0.4125 ]
Epoch: 0 Testing Acc: [0.1982 0.305  0.38   0.3906 0.3923 0.3933 0.3943 0.3948 0.395  0.3955
 0.396 ], Best Acc: 0.4288541372024467 
Epoch: 10 Training Acc: [0.20375 0.3575  0.44125 0.445   0.45125 0.45125]
Epoch: 20 Training Acc: [0.1925  0.35875 0.44125 0.46875 0.4725  0.475  ]
Epoch: 30 Training Acc: [0.21125 0.39125 0.50375 0.5225  0.5275  0.52625]
Epoch: 40 Training Acc: [0.215   0.4775  0.62125 0.61875 0.61625 0.61625]
Epoch: 50 Training Acc: [0.195   0.4775  0.5925  0.605   0.605   0.60625]
Epoch: 60 Training Acc: [0.21375 0.58125 0.6575  0.66625 0.665   0.6675 ]
Epoch: 70 Training Acc: [0.21625 0.55875 0.625   0.6375  0.6375  0.63625]
Epoch: 80 Training Acc: [0.215   0.61375 0.6825  0.68625 0.69    0.69   ]
Epoch: 90 Training Acc: [0.21625 0.5825  0.66125 0.65625 0.65875 0.6625 ]
Epoch: 100 Training Acc: [0.21    0.63125 0.6925  0.71125 0.71375 0.71625]
Epoch: 100 Testing Acc: [0.2006 0.578  0.6323 0.639  0.6406 0.641  0.642  0.6426 0.643  0.643
 0.6436], Best Acc: 0.6543774601359579 
Epoch: 110 Training Acc: [0.23125 0.595   0.6425  0.64875 0.65    0.64875]
Epoch: 120 Training Acc: [0.18875 0.62375 0.66875 0.67625 0.68125 0.685  ]
Epoch: 130 Training Acc: [0.19625 0.60625 0.65375 0.67375 0.675   0.67375]
Epoch: 140 Training Acc: [0.19375 0.685   0.72875 0.7325  0.73125 0.73   ]
Epoch: 150 Training Acc: [0.225   0.63875 0.6725  0.6925  0.69125 0.69375]
Epoch: 160 Training Acc: [0.2225  0.71375 0.73875 0.7425  0.7425  0.74   ]
Epoch: 170 Training Acc: [0.205  0.6575 0.6975 0.6975 0.7    0.7075]
Epoch: 180 Training Acc: [0.18    0.72375 0.76625 0.76375 0.7625  0.76125]
Epoch: 190 Training Acc: [0.21875 0.7225  0.74125 0.7475  0.7475  0.75   ]
Epoch: 200 Training Acc: [0.185   0.68875 0.745   0.7525  0.75    0.74875]
Epoch: 200 Testing Acc: [0.199  0.6763 0.7026 0.707  0.7075 0.7085 0.709  0.71   0.7104 0.711
 0.7114], Best Acc: 0.7121335865426252 
Epoch: 210 Training Acc: [0.1975  0.77125 0.80375 0.8075  0.8075  0.81125]
Epoch: 220 Training Acc: [0.155   0.70875 0.74375 0.74375 0.745   0.74375]
Epoch: 230 Training Acc: [0.16125 0.75625 0.79    0.80125 0.80125 0.80125]
Epoch: 240 Training Acc: [0.21125 0.775   0.7975  0.79875 0.7975  0.80125]
