Epoch: 0 Training Acc: [0.17875 0.27125 0.37125 0.37875 0.3825  0.38   ]
Epoch: 0 Testing Acc: [0.1976 0.3374 0.4333 0.4446 0.4475 0.4485 0.4495 0.4502 0.4507 0.4514
 0.4517], Best Acc: 0.47713118333711463 
Epoch: 10 Training Acc: [0.19625 0.40375 0.5     0.50625 0.50875 0.51   ]
Epoch: 20 Training Acc: [0.20875 0.4575  0.51125 0.52875 0.52875 0.53   ]
Epoch: 30 Training Acc: [0.2     0.52875 0.585   0.60125 0.6025  0.6025 ]
Epoch: 40 Training Acc: [0.20625 0.65    0.6725  0.68875 0.68875 0.6875 ]
Epoch: 50 Training Acc: [0.18875 0.62375 0.64125 0.64875 0.64625 0.6475 ]
Epoch: 60 Training Acc: [0.1875  0.65625 0.68    0.6775  0.68    0.68125]
Epoch: 70 Training Acc: [0.22    0.66125 0.67625 0.6825  0.68375 0.68625]
Epoch: 80 Training Acc: [0.215   0.64    0.645   0.6475  0.64875 0.65   ]
Epoch: 90 Training Acc: [0.205   0.67    0.6975  0.70625 0.7075  0.7075 ]
Epoch: 100 Training Acc: [0.2     0.67375 0.67875 0.68125 0.6775  0.6775 ]
Epoch: 100 Testing Acc: [0.2019 0.7007 0.7163 0.7188 0.72   0.721  0.7217 0.7227 0.723  0.7236
 0.7236], Best Acc: 0.7638498403490172 
Epoch: 110 Training Acc: [0.2225  0.71375 0.7275  0.72875 0.73    0.73125]
Epoch: 120 Training Acc: [0.25125 0.70375 0.705   0.7075  0.70875 0.71125]
Epoch: 130 Training Acc: [0.185  0.7225 0.735  0.745  0.745  0.7475]
Epoch: 140 Training Acc: [0.19625 0.675   0.69625 0.7025  0.70625 0.7075 ]
Epoch: 150 Training Acc: [0.22375 0.72375 0.74375 0.745   0.75    0.75375]
Epoch: 160 Training Acc: [0.1975  0.7425  0.74625 0.74625 0.74375 0.745  ]
Epoch: 170 Training Acc: [0.2075  0.745   0.74625 0.745   0.745   0.74375]
Epoch: 180 Training Acc: [0.2125  0.75625 0.775   0.7775  0.775   0.775  ]
Epoch: 190 Training Acc: [0.16375 0.79    0.8     0.8025  0.79875 0.7975 ]
Epoch: 200 Training Acc: [0.1825  0.7775  0.79125 0.78875 0.79125 0.79125]
Epoch: 200 Testing Acc: [0.2001 0.766  0.7764 0.7783 0.779  0.7803 0.7812 0.7817 0.7817 0.782
 0.782 ], Best Acc: 0.8304463051478578 
Epoch: 210 Training Acc: [0.21875 0.77375 0.79125 0.78875 0.7875  0.7875 ]
Epoch: 220 Training Acc: [0.20125 0.7725  0.79125 0.79625 0.795   0.79375]
Epoch: 230 Training Acc: [0.205   0.79125 0.8     0.8025  0.8025  0.80375]
Epoch: 240 Training Acc: [0.19375 0.79625 0.80375 0.80125 0.80125 0.805  ]
Epoch: 250 Training Acc: [0.225   0.8     0.80875 0.81125 0.81    0.815  ]
Epoch: 260 Training Acc: [0.18625 0.82    0.82375 0.82875 0.8275  0.82375]
Epoch: 270 Training Acc: [0.2225  0.8525  0.84875 0.84875 0.84875 0.85   ]
Epoch: 280 Training Acc: [0.19   0.8275 0.8325 0.8325 0.8325 0.8325]
Epoch: 290 Training Acc: [0.19875 0.77125 0.77875 0.7825  0.78375 0.785  ]
Epoch: 300 Training Acc: [0.1825  0.8125  0.8225  0.8225  0.82625 0.82625]
Epoch: 300 Testing Acc: [0.2015 0.8345 0.8413 0.8433 0.8447 0.845  0.8457 0.8457 0.8457 0.8457
 0.846 ], Best Acc: 0.9172258634148602 
Epoch: 310 Training Acc: [0.1775  0.8525  0.86375 0.87    0.86875 0.87125]
Epoch: 320 Training Acc: [0.20125 0.82625 0.83625 0.84375 0.8475  0.84875]
Epoch: 330 Training Acc: [0.16    0.84    0.8525  0.85    0.8525  0.85125]
Epoch: 340 Training Acc: [0.19875 0.84    0.84375 0.84375 0.84625 0.84875]
Epoch: 350 Training Acc: [0.20625 0.8725  0.87375 0.875   0.87375 0.8725 ]
Epoch: 360 Training Acc: [0.185   0.8575  0.865   0.8675  0.8725  0.87375]
Epoch: 370 Training Acc: [0.17875 0.825   0.82875 0.835   0.83375 0.83375]
Epoch: 380 Training Acc: [0.16625 0.81125 0.81125 0.81125 0.81375 0.81625]
Epoch: 390 Training Acc: [0.1925  0.87125 0.87625 0.87875 0.875   0.87375]
Epoch: 400 Training Acc: [0.17    0.87    0.86625 0.87125 0.87125 0.87   ]
Epoch: 400 Testing Acc: [0.2003 0.8584 0.8657 0.867  0.868  0.869  0.8696 0.8696 0.87   0.8706
 0.871 ], Best Acc: 0.9253240478755216 
Epoch: 410 Training Acc: [0.18    0.86625 0.8775  0.8775  0.87875 0.88   ]
Epoch: 420 Training Acc: [0.2075  0.86125 0.8675  0.87125 0.87125 0.87375]
Epoch: 430 Training Acc: [0.18625 0.88375 0.88625 0.8875  0.89125 0.89125]
Epoch: 440 Training Acc: [0.1975  0.84    0.84875 0.84625 0.84875 0.8475 ]
Epoch: 450 Training Acc: [0.1925  0.895   0.90625 0.90875 0.90875 0.90875]
Epoch: 460 Training Acc: [0.18625 0.85875 0.86875 0.86375 0.8625  0.86625]
Epoch: 470 Training Acc: [0.1975  0.85875 0.86    0.86    0.85875 0.8575 ]
Epoch: 480 Training Acc: [0.18    0.8775  0.88125 0.885   0.8875  0.8875 ]
Epoch: 490 Training Acc: [0.19875 0.89375 0.8975  0.9     0.895   0.89375]
Epoch: 500 Training Acc: [0.2175  0.855   0.85125 0.85125 0.85    0.85375]
Epoch: 500 Testing Acc: [0.2097 0.8765 0.8813 0.883  0.884  0.885  0.8853 0.886  0.886  0.886
 0.886 ], Best Acc: 0.9640652101290382 
Epoch: 510 Training Acc: [0.22    0.88625 0.89375 0.89    0.88875 0.88875]
Epoch: 520 Training Acc: [0.1725  0.8925  0.89875 0.9025  0.90375 0.90375]
Epoch: 530 Training Acc: [0.2075  0.89375 0.9025  0.90625 0.90875 0.90625]
Epoch: 540 Training Acc: [0.2125  0.86875 0.87125 0.87625 0.87375 0.87375]
Epoch: 550 Training Acc: [0.24375 0.8975  0.89625 0.90125 0.90375 0.9025 ]
Epoch: 560 Training Acc: [0.17625 0.90625 0.9175  0.9175  0.91875 0.9175 ]
Epoch: 570 Training Acc: [0.18625 0.88875 0.8925  0.895   0.89625 0.89625]
Epoch: 580 Training Acc: [0.1975  0.8725  0.86625 0.875   0.87625 0.87875]
Epoch: 590 Training Acc: [0.21125 0.88625 0.8925  0.89625 0.8925  0.8925 ]
Epoch: 600 Training Acc: [0.19125 0.905   0.90375 0.90375 0.90375 0.90625]
Epoch: 600 Testing Acc: [0.2009 0.8823 0.888  0.8896 0.8906 0.891  0.8916 0.8916 0.8916 0.892
 0.892 ], Best Acc: 0.9751281138884146 
Epoch: 610 Training Acc: [0.16375 0.90375 0.90875 0.91    0.91125 0.90875]
Epoch: 620 Training Acc: [0.18875 0.89625 0.9025  0.90625 0.90875 0.91125]
Epoch: 630 Training Acc: [0.16375 0.87375 0.87875 0.88    0.8825  0.88125]
Epoch: 640 Training Acc: [0.17125 0.895   0.8975  0.8925  0.89    0.88875]
Epoch: 650 Training Acc: [0.1475  0.90125 0.91375 0.91375 0.915   0.91375]
Epoch: 660 Training Acc: [0.19125 0.8625  0.86625 0.8725  0.87375 0.8725 ]
Epoch: 670 Training Acc: [0.20625 0.8825  0.88625 0.8875  0.8875  0.8875 ]
Epoch: 680 Training Acc: [0.23875 0.88875 0.89875 0.89625 0.895   0.8975 ]
Epoch: 690 Training Acc: [0.23    0.91125 0.91375 0.91125 0.9125  0.91125]
Epoch: 700 Training Acc: [0.22375 0.89875 0.90625 0.91    0.90875 0.91   ]
Epoch: 700 Testing Acc: [0.1989 0.895  0.8994 0.9014 0.9023 0.9023 0.903  0.9033 0.904  0.904
 0.9043], Best Acc: 0.9751281138884146 
Epoch: 710 Training Acc: [0.22625 0.88125 0.88875 0.89125 0.89375 0.895  ]
Epoch: 720 Training Acc: [0.16875 0.9     0.90125 0.9025  0.90625 0.91   ]
Epoch: 730 Training Acc: [0.235   0.92375 0.9325  0.93125 0.93125 0.93125]
Epoch: 740 Training Acc: [0.225   0.89    0.89625 0.89875 0.9025  0.90375]
Epoch: 750 Training Acc: [0.21375 0.92375 0.9375  0.935   0.93375 0.93375]
Epoch: 760 Training Acc: [0.15    0.935   0.93625 0.93625 0.9375  0.9375 ]
Epoch: 770 Training Acc: [0.17875 0.9025  0.90375 0.905   0.90875 0.91   ]
Epoch: 780 Training Acc: [0.1925  0.9375  0.9375  0.94125 0.9425  0.9425 ]
Epoch: 790 Training Acc: [0.17875 0.895   0.89875 0.90125 0.9025  0.90375]
Epoch: 800 Training Acc: [0.20125 0.9175  0.92125 0.92125 0.9225  0.9225 ]
Epoch: 800 Testing Acc: [0.1964 0.899  0.903  0.9043 0.906  0.9067 0.9067 0.9067 0.907  0.907
 0.9077], Best Acc: 0.985393061683186 
Epoch: 810 Training Acc: [0.225  0.905  0.91   0.9125 0.9125 0.9125]
Epoch: 820 Training Acc: [0.2075  0.9125  0.9175  0.9175  0.91875 0.9175 ]
Epoch: 830 Training Acc: [0.2225  0.9125  0.91875 0.91875 0.91875 0.92   ]
Epoch: 840 Training Acc: [0.1975  0.89875 0.9075  0.905   0.905   0.9075 ]
Epoch: 850 Training Acc: [0.2075  0.9175  0.92    0.92375 0.92375 0.9225 ]
Epoch: 860 Training Acc: [0.23625 0.9225  0.92875 0.92625 0.9275  0.92875]
Epoch: 870 Training Acc: [0.22625 0.9225  0.92375 0.9275  0.9275  0.93   ]
Epoch: 880 Training Acc: [0.2075  0.91625 0.92375 0.92375 0.9225  0.92125]
Epoch: 890 Training Acc: [0.1875  0.915   0.92    0.92    0.9225  0.92375]
Epoch: 900 Training Acc: [0.2125  0.9125  0.91875 0.915   0.9175  0.9175 ]
Epoch: 900 Testing Acc: [0.2047 0.907  0.9126 0.9136 0.9146 0.9155 0.916  0.9165 0.9165 0.917
 0.917 ], Best Acc: 0.9934410349088121 
Epoch: 910 Training Acc: [0.20625 0.9375  0.94    0.9425  0.94375 0.9425 ]
Epoch: 920 Training Acc: [0.2125  0.92375 0.9275  0.92875 0.92875 0.92875]
Epoch: 930 Training Acc: [0.16875 0.93    0.9325  0.93375 0.935   0.93625]
Epoch: 940 Training Acc: [0.22    0.9225  0.92875 0.93    0.93375 0.93375]
Epoch: 950 Training Acc: [0.18125 0.90375 0.91    0.91125 0.91625 0.9175 ]
Epoch: 960 Training Acc: [0.19625 0.92625 0.9375  0.9375  0.93625 0.93875]
Epoch: 970 Training Acc: [0.2425 0.9275 0.9325 0.9325 0.9325 0.9325]
Epoch: 980 Training Acc: [0.19    0.93    0.9325  0.93125 0.93375 0.93375]
Epoch: 990 Training Acc: [0.185   0.9275  0.92875 0.9325  0.9325  0.93125]
