Epoch: 0 Training Acc: [0.17875 0.27125 0.37125 0.37875 0.3825  0.38   ]
Epoch: 0 Testing Acc: [0.1989 0.3325 0.432  0.4448 0.4468 0.4482 0.449  0.4497 0.4502 0.4507
 0.4514], Best Acc: 0.48163262705698573 
Epoch: 10 Training Acc: [0.19    0.35    0.47125 0.4725  0.47625 0.47625]
Epoch: 20 Training Acc: [0.18625 0.36125 0.465   0.48375 0.48375 0.48625]
Epoch: 30 Training Acc: [0.20375 0.4025  0.50375 0.51375 0.515   0.5125 ]
Epoch: 40 Training Acc: [0.205   0.47125 0.5625  0.5675  0.57375 0.57375]
Epoch: 50 Training Acc: [0.20125 0.47875 0.575   0.58125 0.58375 0.585  ]
Epoch: 60 Training Acc: [0.21125 0.49625 0.57875 0.59375 0.59875 0.6025 ]
Epoch: 70 Training Acc: [0.1925  0.5025  0.6075  0.61625 0.6175  0.6125 ]
Epoch: 80 Training Acc: [0.195  0.52   0.6025 0.6075 0.6075 0.6075]
Epoch: 90 Training Acc: [0.1925  0.56875 0.6175  0.62    0.625   0.62625]
Epoch: 100 Training Acc: [0.2     0.60375 0.64125 0.65375 0.655   0.65625]
Epoch: 100 Testing Acc: [0.2026 0.6294 0.6855 0.692  0.694  0.695  0.696  0.6963 0.697  0.6978
 0.698 ], Best Acc: 0.7294283735112137 
Epoch: 110 Training Acc: [0.19625 0.575   0.635   0.64125 0.6475  0.64875]
Epoch: 120 Training Acc: [0.19625 0.61375 0.67375 0.6775  0.6825  0.6825 ]
Epoch: 130 Training Acc: [0.175   0.6525  0.69    0.69125 0.6925  0.6925 ]
Epoch: 140 Training Acc: [0.17125 0.655   0.655   0.65875 0.67    0.66625]
Epoch: 150 Training Acc: [0.2     0.67375 0.70875 0.715   0.715   0.71375]
Epoch: 160 Training Acc: [0.20875 0.64875 0.6975  0.6975  0.69875 0.70375]
Epoch: 170 Training Acc: [0.20375 0.6875  0.72125 0.71125 0.7125  0.7175 ]
Epoch: 180 Training Acc: [0.18625 0.69875 0.7325  0.74    0.73875 0.74125]
Epoch: 190 Training Acc: [0.18125 0.68875 0.72375 0.72625 0.735   0.735  ]
Epoch: 200 Training Acc: [0.17125 0.70125 0.73625 0.73875 0.73875 0.74125]
Epoch: 200 Testing Acc: [0.1957 0.7285 0.757  0.7607 0.7617 0.763  0.7637 0.7646 0.765  0.7656
 0.7656], Best Acc: 0.8391118582942008 
Epoch: 210 Training Acc: [0.21    0.72375 0.7425  0.7525  0.75125 0.755  ]
Epoch: 220 Training Acc: [0.15125 0.7575  0.7875  0.7875  0.78875 0.79   ]
Epoch: 230 Training Acc: [0.2225  0.72375 0.745   0.755   0.76    0.76   ]
Epoch: 240 Training Acc: [0.17875 0.7475  0.78125 0.78375 0.7875  0.7875 ]
Epoch: 250 Training Acc: [0.1775  0.75625 0.77375 0.77375 0.775   0.7725 ]
Epoch: 260 Training Acc: [0.20125 0.76125 0.77375 0.77625 0.77625 0.7775 ]
Epoch: 270 Training Acc: [0.19875 0.81625 0.845   0.8425  0.84    0.84   ]
Epoch: 280 Training Acc: [0.17625 0.79875 0.815   0.82125 0.8225  0.82625]
Epoch: 290 Training Acc: [0.205   0.75125 0.76875 0.76875 0.76875 0.77   ]
Epoch: 300 Training Acc: [0.21    0.78875 0.80125 0.805   0.8025  0.80125]
Epoch: 300 Testing Acc: [0.1954 0.802  0.8228 0.8257 0.827  0.8276 0.8276 0.8286 0.829  0.829
 0.8296], Best Acc: 0.8830663673532797 
Epoch: 310 Training Acc: [0.20375 0.7925  0.81625 0.82625 0.83    0.82875]
Epoch: 320 Training Acc: [0.21875 0.82    0.83875 0.84    0.84375 0.8425 ]
Epoch: 330 Training Acc: [0.225  0.79   0.795  0.8025 0.8025 0.8075]
Epoch: 340 Training Acc: [0.17375 0.8025  0.82375 0.8275  0.83    0.8275 ]
Epoch: 350 Training Acc: [0.2125  0.82375 0.8375  0.83875 0.83875 0.83875]
Epoch: 360 Training Acc: [0.19    0.84125 0.8475  0.84875 0.84875 0.85   ]
Epoch: 370 Training Acc: [0.205   0.8025  0.815   0.815   0.81625 0.81625]
Epoch: 380 Training Acc: [0.1675  0.77875 0.8     0.79875 0.79875 0.8    ]
Epoch: 390 Training Acc: [0.19875 0.83    0.84375 0.84125 0.84    0.84   ]
Epoch: 400 Training Acc: [0.19625 0.8425  0.85    0.85    0.84875 0.8475 ]
Epoch: 400 Testing Acc: [0.1984 0.8306 0.848  0.8516 0.852  0.8535 0.8545 0.855  0.8555 0.856
 0.8564], Best Acc: 0.8957065476413978 
Epoch: 410 Training Acc: [0.19875 0.84125 0.8575  0.86375 0.865   0.86625]
Epoch: 420 Training Acc: [0.165   0.8275  0.8325  0.84    0.84    0.84125]
Epoch: 430 Training Acc: [0.20875 0.84875 0.865   0.8675  0.87375 0.875  ]
Epoch: 440 Training Acc: [0.14625 0.845   0.85375 0.85625 0.8575  0.85875]
Epoch: 450 Training Acc: [0.195   0.89    0.89625 0.89625 0.89625 0.89625]
Epoch: 460 Training Acc: [0.1725 0.86   0.865  0.8675 0.8675 0.8675]
Epoch: 470 Training Acc: [0.25    0.81625 0.82625 0.82375 0.82375 0.825  ]
Epoch: 480 Training Acc: [0.245   0.86125 0.8775  0.87625 0.87875 0.87875]
Epoch: 490 Training Acc: [0.21    0.8475  0.86    0.86125 0.8625  0.86375]
Epoch: 500 Training Acc: [0.185   0.83    0.85375 0.85375 0.855   0.85375]
Epoch: 500 Testing Acc: [0.2021 0.8564 0.8706 0.8735 0.8745 0.8755 0.8765 0.877  0.8774 0.8774
 0.878 ], Best Acc: 0.9641113728945989 
Epoch: 510 Training Acc: [0.225   0.84375 0.86625 0.8675  0.86875 0.875  ]
Epoch: 520 Training Acc: [0.19    0.8625  0.87    0.8725  0.87625 0.87625]
Epoch: 530 Training Acc: [0.1775  0.87    0.88125 0.88375 0.88625 0.89125]
Epoch: 540 Training Acc: [0.21375 0.8425  0.84125 0.85375 0.85625 0.8575 ]
Epoch: 550 Training Acc: [0.215   0.85875 0.8775  0.875   0.875   0.87375]
Epoch: 560 Training Acc: [0.1675  0.89    0.90125 0.90375 0.90375 0.905  ]
Epoch: 570 Training Acc: [0.19375 0.84875 0.86    0.86    0.86125 0.86125]
Epoch: 580 Training Acc: [0.22625 0.8525  0.85875 0.85875 0.86    0.86125]
Epoch: 590 Training Acc: [0.185   0.86375 0.88125 0.88375 0.885   0.885  ]
Epoch: 600 Training Acc: [0.16875 0.86    0.88125 0.88125 0.8825  0.8825 ]
Epoch: 600 Testing Acc: [0.2024 0.856  0.8735 0.876  0.878  0.8784 0.879  0.8794 0.8794 0.88
 0.88  ], Best Acc: 0.9641113728945989 
Epoch: 610 Training Acc: [0.1925  0.8675  0.89875 0.9025  0.905   0.905  ]
Epoch: 620 Training Acc: [0.2175  0.87375 0.8725  0.8775  0.88125 0.88375]
Epoch: 630 Training Acc: [0.2     0.87375 0.885   0.8825  0.88375 0.88625]
Epoch: 640 Training Acc: [0.21125 0.87375 0.875   0.87875 0.87875 0.87875]
Epoch: 650 Training Acc: [0.19875 0.87125 0.89375 0.89875 0.8975  0.8975 ]
Epoch: 660 Training Acc: [0.1675  0.855   0.8525  0.86375 0.86375 0.86375]
Epoch: 670 Training Acc: [0.21375 0.86125 0.8775  0.87    0.87    0.86875]
Epoch: 680 Training Acc: [0.235   0.84625 0.87875 0.87875 0.88    0.87875]
Epoch: 690 Training Acc: [0.235   0.89    0.89375 0.8925  0.895   0.895  ]
Epoch: 700 Training Acc: [0.19375 0.8925  0.90625 0.91125 0.91125 0.91   ]
Epoch: 700 Testing Acc: [0.2053 0.8687 0.885  0.8867 0.888  0.889  0.89   0.8906 0.8906 0.891
 0.8916], Best Acc: 0.9641113728945989 
Epoch: 710 Training Acc: [0.21125 0.87125 0.885   0.8875  0.8875  0.8875 ]
Epoch: 720 Training Acc: [0.2575  0.88875 0.9025  0.9025  0.89875 0.9    ]
Epoch: 730 Training Acc: [0.2025  0.9025  0.91875 0.91875 0.91875 0.92   ]
Epoch: 740 Training Acc: [0.24125 0.87    0.88625 0.8875  0.88875 0.88875]
Epoch: 750 Training Acc: [0.2225  0.91    0.92875 0.93    0.92875 0.92875]
Epoch: 760 Training Acc: [0.1825  0.91875 0.92875 0.93    0.93    0.93   ]
Epoch: 770 Training Acc: [0.21    0.88    0.9025  0.9025  0.90375 0.905  ]
Epoch: 780 Training Acc: [0.2075  0.91    0.91375 0.9125  0.91375 0.915  ]
Epoch: 790 Training Acc: [0.21625 0.88125 0.9     0.9     0.8975  0.9    ]
Epoch: 800 Training Acc: [0.20125 0.90375 0.915   0.915   0.915   0.9175 ]
Epoch: 800 Testing Acc: [0.2045 0.8726 0.8877 0.8896 0.891  0.8926 0.8936 0.894  0.894  0.8945
 0.8945], Best Acc: 0.9641113728945989 
Epoch: 810 Training Acc: [0.19875 0.89375 0.9025  0.905   0.905   0.90625]
Epoch: 820 Training Acc: [0.23125 0.90625 0.92375 0.925   0.92375 0.925  ]
Epoch: 830 Training Acc: [0.185   0.87375 0.895   0.895   0.8975  0.90125]
Epoch: 840 Training Acc: [0.2375  0.88125 0.90375 0.9025  0.905   0.90875]
Epoch: 850 Training Acc: [0.18625 0.895   0.91625 0.9175  0.91625 0.9175 ]
Epoch: 860 Training Acc: [0.1775  0.89375 0.905   0.9125  0.9125  0.91375]
Epoch: 870 Training Acc: [0.20375 0.89625 0.905   0.90375 0.9025  0.9025 ]
Epoch: 880 Training Acc: [0.225   0.8925  0.90625 0.91    0.91375 0.915  ]
Epoch: 890 Training Acc: [0.2     0.875   0.8925  0.89625 0.89625 0.89625]
Epoch: 900 Training Acc: [0.1625  0.88625 0.895   0.8975  0.89625 0.89625]
Epoch: 900 Testing Acc: [0.2029 0.8745 0.8936 0.8965 0.898  0.899  0.8994 0.8994 0.9    0.9004
 0.9004], Best Acc: 0.9641113728945989 
Epoch: 910 Training Acc: [0.17625 0.9125  0.93125 0.93125 0.9325  0.9325 ]
Epoch: 920 Training Acc: [0.2025  0.9025  0.915   0.91625 0.9175  0.92   ]
Epoch: 930 Training Acc: [0.215   0.885   0.90875 0.91375 0.91375 0.915  ]
Epoch: 940 Training Acc: [0.20625 0.9     0.91625 0.91875 0.92    0.9175 ]
Epoch: 950 Training Acc: [0.22875 0.8975  0.92    0.9225  0.92125 0.92125]
Epoch: 960 Training Acc: [0.1725  0.8825  0.91125 0.91125 0.91125 0.90875]
Epoch: 970 Training Acc: [0.22625 0.9     0.915   0.92    0.92125 0.91875]
Epoch: 980 Training Acc: [0.255   0.9125  0.92625 0.9275  0.9275  0.925  ]
Epoch: 990 Training Acc: [0.22875 0.90125 0.92    0.92125 0.9225  0.925  ]
